===================

輸入：
1 100 3
69 132 246 15 42 264 42 51 159 150 126 150 228 231 33 114 171 42 156 144 90 36 252 75 141 285 219 75 252 108 171 3 264 180 120 207 243 258 213 114 213 174 156 66 258 219 6 27 258 219 252 108 264 6 21 93 291 240 21 246 105 297 51 282 3 12 90 126 135 15 165 27 126 162 75 72 147 276 183 63 114 258 237 147 21 180 249 57 177 75 249 294 36 75 12 294 102 237 3 288 

輸出：
0
Oh, win10 I love you.

===================

輸入：
2 150 5
288 237 81 39 258 36 42 114 279 174 72 282 273 39 72 72 285 240 63 180 189 9 129 180 267 150 237 6 51 63 120 207 96 255 63 183 129 267 114 66 120 297 84 33 273 240 138 105 177 105 99 12 36 120 267 48 12 249 93 213 72 108 264 78 285 36 144 246 231 270 264 159 156 177 36 21 30 297 36 246 156 18 21 159 267 267 114 93 36 213 33 282 135 210 258 195 297 195 174 204 24 189 162 186 240 93 195 87 297 75 198 159 66 207 69 93 120 54 297 216 144 276 195 54 252 36 45 90 159 237 219 165 147 231 267 177 126 48 192 210 216 279 204 135 168 258 285 246 45 261 

輸出：
0
Please, I want to meet win10.

===================

輸入：
2 10 8
16 16 16 16 16 16 16 16 16 16

輸出：
1
Oh, win10 I love you.

===================

輸入：
3 6 9
81 72 63 54 45 10

輸出：
1
Please, I want to meet win10.

===================
