997 370
159 935 532 315 348 649 688 623 802 90 373 809 931 5 897 750 988 606 864 308 308 451 906 236 855 596 187 181 472 141 64 4 581 86 662 221 737 995 56 185 605 352 922 240 89 658 920 79 203 766 100 943 974 230 320 894 99 517 174 743 133 534 964 745 422 7 126 654 371 887 20 617 256 651 201 154 558 3 227 548 628 707 120 304 89 549 783 370 252 590 739 16 853 34 513 476 398 526 637 252 314 921 46 476 567 576 38 622 669 787 497 751 802 461 327 487 683 144 545 209 983 434 756 620 2 626 318 171 811 360 868 415 983 940 346 437 688 956 71 536 25 457 20 644 781 297 8 295 878 784 271 332 656 987 731 384 842 596 654 890 262 752 744 632 85 877 925 305 47 495 381 60 404 708 327 910 334 118 287 609 968 808 774 750 611 261 340 703 322 984 404 753 106 627 492 661 123 944 344 499 769 622 656 909 874 369 776 738 46 322 953 769 414 759 102 473 482 320 735 834 845 277 28 979 865 45 146 44 691 548 665 857 959 938 307 721 10 56 531 621 389 144 603 461 553 632 640 823 36 766 491 730 387 917 639 158 522 54 57 812 409 935 302 596 557 620 806 899 793 338 242 418 958 726 945 55 786 112 264 196 103 296 203 357 166 44 968 912 917 436 301 76 106 913 417 894 669 212 540 677 572 591 316 705 389 875 861 753 759 755 852 480 16 408 882 736 216 745 680 496 601 935 895 466 280 149 648 974 411 202 145 808 181 246 563 527 170 969 406 169 766 300 65 355 680 987 632 346 41 775 143 531 853 544 469 188 774 357 341 253 972 129 14 533 772 720 377 817 340 291 214 854 416 522 303 323 432 412 742 132 147 158 627 551 231 689 334 279 379 236 529 186 3 400 274 154 845 587 675 533 141 249 744 519 81 849 383 27 949 945 699 696 525 503 59 629 659 12 611 938 841 282 816 940 265 222 759 28 496 861 179 49 551 957 74 607 235 315 170 215 275 111 147 746 91 267 679 91 140 28 60 569 834 149 32 682 798 373 598 686 191 28 788 963 565 302 610 994 892 577 177 139 477 524 954 762 43 511 638 885 452 933 141 730 301 958 332 913 739 9 919 847 611 617 435 576 91 919 853 593 522 749 192 170 72 441 986 36 1000 631 347 659 50 983 842 467 86 991 242 454 896 802 500 140 388 13 424 582 106 623 605 641 679 592 313 367 285 344 592 691 419 978 451 312 814 381 119 55 738 43 427 159 724 939 27 124 788 464 701 745 596 837 860 109 88 181 635 850 937 494 865 229 375 842 197 28 369 163 106 439 686 81 873 262 828 79 583 613 195 198 6 688 836 655 823 700 142 63 723 581 531 304 917 553 705 402 114 240 162 986 178 34 375 698 552 705 395 686 281 453 153 461 54 884 730 837 111 275 531 730 572 897 906 515 66 513 801 844 803 143 777 401 307 68 818 260 47 514 908 903 138 77 261 357 115 145 795 51 121 522 767 649 432 631 70 198 605 593 207 890 344 653 931 643 540 680 203 27 780 141 229 988 266 927 205 650 98 168 449 570 52 46 957 379 665 28 83 970 821 905 22 603 690 25 243 275 454 755 55 650 484 682 205 123 116 39 842 528 597 87 649 712 92 335 459 347 885 562 229 80 523 581 511 491 8 217 607 750 547 464 606 815 603 921 549 716 11 151 385 937 463 617 120 887 550 79 50 99 596 167 87 688 526 413 834 872 543 199 549 950 628 124 963 787 472 94 581 673 430 519 493 477 821 941 914 283 621 955 178 286 990 166 224 627 31 148 475 583 352 777 757 925 409 276 159 111 947 132 357 828 209 540 785 566 459 444 776 363 431 584 424 739 252 879 305 490 35 700 564 941 843 441 578 625 231 658 97 564 938 746 93 454 848 170 935 131 901 48 947 719 140 564 661 636 136 892 793 408 286 573 840 339 214 373 409 502 989 967 797 657 497 852 873 52 325 532 397 616 544 227 348 760 552 980 469 555 375 516 216 297 70 660 465 353 836 258 355 391 742 125 147 906 412 919 494 25 398 554 78 992 617 817 895 567 553 749 608 686 790 901 836 129 168 227 703 164 188 166 460 822 324 290 645 81 872 281 942 885 716 101 282 943 251 628 639 934 462 459 612 183 840 65 209 236 654 214 862 646 699 154 563 960 417 765 907 740 811 762 81 159 826 353 402 227 327 593 724 560 357 222 509 586 66 245 857 657 879 28 944 488 225 812 962 838 586 249 302 
275 669
757 167
264 758
810 146
687 9
815 662
242 637
670 17
210 942
870 91
142 394
174 876
397 584
928 44
603 595
794 593
378 588
428 41
712 164
892 417
679 470
746 628
204 948
334 429
256 77
228 241
727 627
823 384
250 543
27 482
373 268
58 295
840 905
307 158
570 343
402 976
414 93
680 686
729 229
28 625
470 437
148 927
607 405
769 209
115 276
485 738
48 371
915 675
696 759
590 507
407 941
621 588
680 174
467 126
7 222
434 9
967 281
611 133
229 89
778 774
219 648
373 328
856 966
948 854
834 418
675 344
789 826
706 811
171 955
703 153
139 533
818 892
761 203
844 634
775 447
486 561
13 13
332 815
545 422
456 857
457 165
17 804
938 936
307 217
548 232
208 501
803 843
227 932
307 916
538 771
688 934
894 421
103 213
217 884
123 81
431 553
862 785
487 0
796 698
397 918
419 860
904 359
349 108
571 382
289 976
567 413
420 118
26 299
879 528
381 990
302 230
709 373
204 248
882 912
158 872
205 908
648 295
323 640
975 944
532 947
663 571
869 226
361 645
653 316
745 430
922 92
335 464
263 717
439 660
290 259
829 827
161 599
747 425
709 263
782 148
241 921
663 408
939 268
926 633
578 969
491 602
216 580
676 295
338 726
118 187
436 860
413 668
23 881
582 504
479 1
375 883
940 421
327 872
789 114
908 250
891 13
524 926
316 346
97 16
216 299
52 362
598 694
258 896
240 295
129 860
555 649
140 712
932 416
19 752
235 382
298 475
902 647
23 447
67 359
533 715
497 217
803 922
50 751
157 277
968 395
319 808
713 119
921 459
850 84
140 324
38 212
527 187
690 832
278 858
65 179
411 878
297 37
374 543
980 233
2 537
858 272
430 109
910 658
978 5
531 154
398 58
170 404
133 28
109 814
388 157
458 834
712 700
225 244
357 68
181 657
327 483
926 231
222 770
973 589
370 378
371 286
814 397
782 677
173 833
723 144
17 735
547 855
456 434
222 304
219 168
78 926
297 934
545 772
679 430
65 414
117 246
689 970
476 229
226 902
891 423
53 220
389 870
197 769
464 290
528 206
66 79
899 716
79 26
922 203
45 920
644 518
33 449
386 154
64 225
7 552
400 393
311 402
171 694
773 184
887 90
175 966
34 801
240 60
314 485
604 576
566 493
209 300
546 564
75 930
72 836
156 901
992 208
964 891
860 668
437 209
257 357
387 16
446 625
890 563
449 815
525 466
509 918
978 738
715 414
828 738
649 455
107 144
359 727
204 837
830 616
574 240
792 263
556 28
638 207
653 682
28 398
664 602
896 43
471 940
150 603
602 214
632 942
645 965
403 499
826 867
856 966
411 554
781 657
959 921
280 547
834 69
740 108
680 500
809 939
324 81
570 96
416 541
320 665
503 537
829 520
63 470
486 34
380 961
809 674
220 198
212 200
798 430
663 892
25 675
660 191
93 430
64 44
850 737
530 246
842 244
983 959
767 247
563 265
756 800
236 723
362 700
120 784
814 678
744 164
318 578
4 690
271 531
873 20
846 442
602 490
594 399
276 764
738 362
533 261
196 981
564 724
49 392
667 507
5 33
600 7
658 974
883 767
694 343
97 161
310 639
374 152
462 968
307 41
880 661
832 955
565 116
19 626
307 647
570 753
272 576
